Currents (R 0.22) 
registers are from 0 to 31 only

0=1/32 31=32/32 from 0.96A with vsense=0 / 0.53A with vsense=1

 if current running <=31 vsense=1 
 if its more then its rigth shifted 1 bit

           000 001 002 003 004 005 006 007 008 009 010 011 012 013 014 015 016 017 018 019 020 021 022 023 024 025 026 027 028 029 030 031
 vsense=1  017 033 050 066 083 099 116 133 149 166 182 199 215 232 248 265 282 298 315 331 348 364 381 398 414 431 447 464 480 497 513 530
 vsense=0  030 060 090 120 150 180 210 240 270 300 330 360 390 420 450 480 510 540 570 600 630 660 690 720 750 780 810 840 870 900 930 960

           032 033 034 035 036 037 038 039 040 041 042 043 044 045 046 047 048 049 050 051 052 053 054 055 056 057 058 059 060 061 062 063
           510 510 540 540 570 570 600 600 630 630 660 660 690 690 720 720 750 750 780 780 810 810 840 840 870 870 900 900 930 930 960 960